6;6
6;344
344;6
344;344
108;108
108;106
106;108
106;106
89;89
89;76
76;89
76;76
90;90
90;118
118;90
118;118
6;6
6;652
652;6
652;652
802;802
802;32
32;802
32;32
566;566
566;18
18;566
18;18
6;6
6;830
830;6
830;830
744;744
744;44
44;744
44;44
30;30
30;858
858;30
858;858
446;446
446;106
106;446
106;106
63;63
63;106
106;63
106;106
566;566
566;106
106;566
106;106
12;12
12;722
722;12
722;722
46;46
46;836
836;46
836;836
54;54
54;396
396;54
396;396
12;12
12;608
608;12
608;608
89;89
89;38
38;89
38;38
64;64
64;324
324;64
324;324
27;27
27;118
118;27
118;118
138;138
138;176
176;138
176;176
12;12
12;476
476;12
476;476
790;790
790;38
38;790
38;38
790;790
790;26
26;790
26;26
46;46
46;590
590;46
590;590
54;54
54;310
310;54
310;310
492;492
492;62
62;492
62;62
422;422
422;70
70;422
70;70
234;234
234;218
218;234
218;218
212;212
212;24
24;212
24;24
872;872
872;106
106;872
106;106
46;46
46;700
700;46
700;700
64;64
64;454
454;64
454;454
730;730
730;906
906;730
906;906
46;46
46;842
842;46
842;842
362;362
362;118
118;362
118;118
22;22
22;268
268;22
268;268
12;12
12;250
250;12
250;250
22;22
22;504
504;22
504;504
478;478
478;66
66;478
66;66
46;46
46;762
762;46
762;762
388;388
388;26
26;388
26;26
14;14
14;76
76;14
76;76
30;30
30;118
118;30
118;118
468;468
468;88
88;468
88;88
12;12
12;706
706;12
706;706
12;12
12;490
490;12
490;490
782;782
782;106
106;782
106;106
30;30
30;109
109;30
109;109
96;96
96;830
830;96
830;830
328;328
328;106
106;328
106;106
22;22
22;592
592;22
592;592
72;72
72;24
24;72
24;24
6;6
6;792
792;6
792;792
2;2
2;340
340;2
340;340
810;810
810;26
26;810
26;26
284;284
284;118
118;284
118;118
156;156
156;62
62;156
62;62
68;68
68;826
826;68
826;826
234;234
234;454
454;234
454;454
220;220
220;66
66;220
66;66
496;496
496;66
66;496
66;66
96;96
96;716
716;96
716;716
30;30
30;107
107;30
107;107
96;96
96;816
816;96
816;816
710;710
710;106
106;710
106;106
54;54
54;870
870;54
870;870
588;588
588;18
18;588
18;18
156;156
156;24
24;156
24;24
944;944
944;106
106;944
106;106
286;286
286;734
734;286
734;734
6;6
6;704
704;6
704;704
12;12
12;256
256;12
256;256
510;510
510;24
24;510
24;24
96;96
96;454
454;96
454;454
46;46
46;416
416;46
416;416
48;48
48;66
66;48
66;66
728;728
728;106
106;728
106;106
78;78
78;18
18;78
18;18
46;46
46;242
242;46
242;242
22;22
22;610
610;22
610;610
750;750
750;66
66;750
66;66
640;640
640;118
118;640
118;118
68;68
68;470
470;68
470;470
68;68
68;466
466;68
466;466
68;68
68;454
454;68
454;454
2;2
2;804
804;2
804;804
588;588
588;36
36;588
36;36
30;30
30;610
610;30
610;610
30;30
30;57
57;30
57;57
286;286
286;722
722;286
722;722
580;580
580;36
36;580
36;36
326;326
326;24
24;326
24;24
54;54
54;162
162;54
162;162
548;548
548;38
38;548
38;38
130;130
130;574
574;130
574;574
496;496
496;32
32;496
32;32
198;198
198;106
106;198
106;106
95;95
95;106
106;95
106;106
12;12
12;678
678;12
678;678
30;30
30;416
416;30
416;416
302;302
302;76
76;302
76;76
22;22
22;42
42;22
42;42
2;2
2;776
776;2
776;776
52;52
52;26
26;52
26;26
234;234
234;726
726;234
726;726
22;22
22;612
612;22
612;612
115;115
115;106
106;115
106;106
64;64
64;678
678;64
678;678
12;12
12;10
10;12
10;10
234;234
234;482
482;234
482;482
54;54
54;344
344;54
344;344
178;178
178;704
704;178
704;704
46;46
46;272
272;46
272;272
234;234
234;70
70;234
70;70
262;262
262;38
38;262
38;38
72;72
72;70
70;72
70;70
648;648
648;24
24;648
24;24
12;12
12;736
736;12
736;736
72;72
72;76
76;72
76;76
96;96
96;508
508;96
508;508
64;64
64;482
482;64
482;482
622;622
622;18
18;622
18;18
46;46
46;626
626;46
626;626
234;234
234;514
514;234
514;514
54;54
54;544
544;54
544;544
46;46
46;36
36;46
36;36
810;810
810;24
24;810
24;24
34;34
34;24
24;34
24;24
624;624
624;106
106;624
106;106
6;6
6;870
870;6
870;870
54;54
54;778
778;54
778;778
2;2
2;238
238;2
238;238
152;152
152;24
24;152
24;24
952;952
952;38
38;952
38;38
6;6
6;396
396;6
396;396
22;22
22;74
74;22
74;74
186;186
186;26
26;186
26;26
294;294
294;18
18;294
18;18
2;2
2;610
610;2
610;610
46;46
46;454
454;46
454;454
312;312
312;118
118;312
118;118
142;142
142;106
106;142
106;106
6;6
6;638
638;6
638;638
952;952
952;26
26;952
26;26
54;54
54;792
792;54
792;792
648;648
648;70
70;648
70;70
96;96
96;386
386;96
386;386
22;22
22;170
170;22
170;170
200;200
200;704
704;200
704;704
648;648
648;62
62;648
62;62
68;68
68;678
678;68
678;678
22;22
22;574
574;22
574;574
68;68
68;476
476;68
476;476
234;234
234;276
276;234
276;276
810;810
810;76
76;810
76;76
6;6
6;958
958;6
958;958
160;160
160;38
38;160
38;38
46;46
46;94
94;46
94;94
278;278
278;118
118;278
118;118
22;22
22;628
628;22
628;628
650;650
650;62
62;650
62;62
896;896
896;106
106;896
106;106
252;252
252;574
574;252
574;574
422;422
422;66
66;422
66;66
22;22
22;104
104;22
104;104
64;64
64;10
10;64
10;10
46;46
46;612
612;46
612;612
139;139
139;76
76;139
76;76
34;34
34;36
36;34
36;36
2;2
2;392
392;2
392;392
80;80
80;18
18;80
18;18
46;46
46;558
558;46
558;558
380;380
380;118
118;380
118;118
14;14
14;24
24;14
24;24
45;45
45;38
38;45
38;38
748;748
748;70
70;748
70;70
168;168
168;66
66;168
66;66
64;64
64;486
486;64
486;486
328;328
328;24
24;328
24;24
46;46
46;104
104;46
104;104
606;606
606;18
18;606
18;18
484;484
484;62
62;484
62;62
512;512
512;38
38;512
38;38
834;834
834;18
18;834
18;18
692;692
692;118
118;692
118;118
158;158
158;62
62;158
62;62
12;12
12;88
88;12
88;88
22;22
22;254
254;22
254;254
130;130
130;18
18;130
18;18
642;642
642;26
26;642
26;26
642;642
642;24
24;642
24;24
358;358
358;106
106;358
106;106
414;414
414;38
38;414
38;38
510;510
510;70
70;510
70;70
46;46
46;608
608;46
608;608
2;2
2;113
113;2
113;113
120;120
120;836
836;120
836;836
822;822
822;106
106;822
106;106
6;6
6;716
716;6
716;716
54;54
54;652
652;54
652;652
6;6
6;714
714;6
714;714
6;6
6;644
644;6
644;644
46;46
46;592
592;46
592;592
54;54
54;654
654;54
654;654
908;908
908;106
106;908
106;106
46;46
46;216
216;46
216;216
30;30
30;314
314;30
314;314
528;528
528;36
36;528
36;36
364;364
364;118
118;364
118;118
96;96
96;240
240;96
240;240
6;6
6;310
310;6
310;310
22;22
22;564
564;22
564;564
474;474
474;62
62;474
62;62
46;46
46;574
574;46
574;574
6;6
6;206
206;6
206;206
46;46
46;572
572;46
572;572
20;20
20;36
36;20
36;36
270;270
270;18
18;270
18;18
22;22
22;216
216;22
216;216
22;22
22;94
94;22
94;94
68;68
68;82
82;68
82;82
46;46
46;578
578;46
578;578
234;234
234;480
480;234
480;480
54;54
54;658
658;54
658;658
46;46
46;504
504;46
504;504
30;30
30;23
23;30
23;23
22;22
22;626
626;22
626;626
68;68
68;482
482;68
482;482
262;262
262;26
26;262
26;26
2;2
2;612
612;2
612;612
22;22
22;614
614;22
614;614
868;868
868;70
70;868
70;70
22;22
22;600
600;22
600;600
128;128
128;24
24;128
24;24
622;622
622;36
36;622
36;36
14;14
14;32
32;14
32;32
46;46
46;600
600;46
600;600
492;492
492;70
70;492
70;70
68;68
68;668
668;68
668;668
22;22
22;126
126;22
126;126
30;30
30;99
99;30
99;99
54;54
54;346
346;54
346;346
12;12
12;86
86;12
86;86
96;96
96;416
416;96
416;416
22;22
22;570
570;22
570;570
68;68
68;486
486;68
486;486
89;89
89;26
26;89
26;26
856;856
856;118
118;856
118;118
790;790
790;76
76;790
76;76
22;22
22;560
560;22
560;560
422;422
422;24
24;422
24;24
832;832
832;36
36;832
36;36
158;158
158;32
32;158
32;32
134;134
134;136
136;134
136;136
650;650
650;70
70;650
70;70
2;2
2;370
370;2
370;370
208;208
208;38
38;208
38;38
30;30
30;19
19;30
19;19
96;96
96;568
568;96
568;568
54;54
54;644
644;54
644;644
90;90
90;76
76;90
76;76
68;68
68;402
402;68
402;402
510;510
510;32
32;510
32;32
121;121
121;106
106;121
106;106
234;234
234;324
324;234
324;324
6;6
6;194
194;6
194;194
16;16
16;18
18;16
18;18
158;158
158;70
70;158
70;70
22;22
22;836
836;22
836;836
130;130
130;570
570;130
570;570
68;68
68;292
292;68
292;292
220;220
220;70
70;220
70;70
64;64
64;668
668;64
668;668
220;220
220;62
62;220
62;62
478;478
478;70
70;478
70;70
6;6
6;654
654;6
654;654
390;390
390;26
26;390
26;26
12;12
12;482
482;12
482;482
12;12
12;70
70;12
70;70
2;2
2;568
568;2
568;568
64;64
64;480
480;64
480;480
30;30
30;360
360;30
360;360
12;12
12;42
42;12
42;42
6;6
6;84
84;6
84;84
128;128
128;38
38;128
38;38
6;6
6;272
272;6
272;272
22;22
22;572
572;22
572;572
884;884
884;76
76;884
76;76
54;54
54;87
87;54
87;87
96;96
96;250
250;96
250;250
342;342
342;26
26;342
26;26
96;96
96;340
340;96
340;340
634;634
634;38
38;634
38;38
12;12
12;400
400;12
400;400
330;330
330;38
38;330
38;38
844;844
844;26
26;844
26;26
96;96
96;450
450;96
450;450
22;22
22;184
184;22
184;184
96;96
96;846
846;96
846;846
690;690
690;106
106;690
106;106
68;68
68;400
400;68
400;400
68;68
68;488
488;68
488;488
824;824
824;66
66;824
66;66
22;22
22;608
608;22
608;608
748;748
748;62
62;748
62;62
143;143
143;106
106;143
106;106
125;125
125;76
76;125
76;76
152;152
152;36
36;152
36;36
54;54
54;716
716;54
716;716
22;22
22;0
0;22
0;0
738;738
738;190
190;738
190;190
12;12
12;66
66;12
66;66
96;96
96;778
778;96
778;778
30;30
30;442
442;30
442;442
192;192
192;260
260;192
260;260
2;2
2;13
13;2
13;13
55;55
55;906
906;55
906;906
2;2
2;498
498;2
498;498
388;388
388;38
38;388
38;38
12;12
12;518
518;12
518;518
234;234
234;518
518;234
518;518
83;83
83;118
118;83
118;118
22;22
22;454
454;22
454;454
46;46
46;632
632;46
632;632
54;54
54;210
210;54
210;210
576;576
576;18
18;576
18;18
172;172
172;106
106;172
106;106
12;12
12;62
62;12
62;62
102;102
102;36
36;102
36;36
220;220
220;32
32;220
32;32
140;140
140;18
18;140
18;18
336;336
336;118
118;336
118;118
844;844
844;76
76;844
76;76
750;750
750;70
70;750
70;70
832;832
832;18
18;832
18;18
54;54
54;714
714;54
714;714
110;110
110;106
106;110
106;106
810;810
810;38
38;810
38;38
46;46
46;298
298;46
298;298
22;22
22;36
36;22
36;36
538;538
538;118
118;538
118;118
30;30
30;105
105;30
105;105
68;68
68;88
88;68
88;88
2;2
2;151
151;2
151;151
54;54
54;816
816;54
816;816
60;60
60;62
62;60
62;62
72;72
72;32
32;72
32;32
92;92
92;76
76;92
76;76
640;640
640;106
106;640
106;106
14;14
14;62
62;14
62;62
234;234
234;476
476;234
476;476
422;422
422;62
62;422
62;62
130;130
130;590
590;130
590;590
96;96
96;131
131;96
131;131
234;234
234;706
706;234
706;706
54;54
54;556
556;54
556;556
800;800
800;66
66;800
66;66
682;682
682;18
18;682
18;18
20;20
20;18
18;20
18;18
6;6
6;556
556;6
556;556
764;764
764;118
118;764
118;118
666;666
666;88
88;666
88;88
12;12
12;726
726;12
726;726
942;942
942;36
36;942
36;36
290;290
290;70
70;290
70;70
172;172
172;18
18;172
18;18
186;186
186;38
38;186
38;38
135;135
135;106
106;135
106;106
284;284
284;106
106;284
106;106
54;54
54;196
196;54
196;196
650;650
650;24
24;650
24;24
30;30
30;145
145;30
145;145
124;124
124;18
18;124
18;18
30;30
30;892
892;30
892;892
54;54
54;58
58;54
58;58
666;666
666;664
664;666
664;664
542;542
542;118
118;542
118;118
46;46
46;604
604;46
604;604
160;160
160;26
26;160
26;26
12;12
12;480
480;12
480;480
900;900
900;346
346;900
346;346
838;838
838;18
18;838
18;18
130;130
130;242
242;130
242;242
68;68
68;250
250;68
250;250
12;12
12;486
486;12
486;486
156;156
156;66
66;156
66;66
30;30
30;914
914;30
914;914
130;130
130;592
592;130
592;592
478;478
478;62
62;478
62;62
6;6
6;166
166;6
166;166
448;448
448;722
722;448
722;722
1;1
1;106
106;1
106;106
586;586
586;36
36;586
36;36
290;290
290;32
32;290
32;32
248;248
248;26
26;248
26;26
30;30
30;386
386;30
386;386
12;12
12;324
324;12
324;324
12;12
12;32
32;12
32;32
728;728
728;260
260;728
260;260
168;168
168;24
24;168
24;24
650;650
650;32
32;650
32;32
46;46
46;42
42;46
42;42
64;64
64;400
400;64
400;400
128;128
128;70
70;128
70;70
740;740
740;118
118;740
118;118
4;4
4;38
38;4
38;38
692;692
692;76
76;692
76;76
492;492
492;66
66;492
66;66
12;12
12;348
348;12
348;348
740;740
740;260
260;740
260;260
208;208
208;26
26;208
26;26
502;502
502;24
24;502
24;24
642;642
642;38
38;642
38;38
46;46
46;18
18;46
18;18
22;22
22;498
498;22
498;498
6;6
6;394
394;6
394;394
46;46
46;618
618;46
618;618
30;30
30;500
500;30
500;500
158;158
158;24
24;158
24;24
46;46
46;184
184;46
184;184
30;30
30;926
926;30
926;926
6;6
6;784
784;6
784;784
30;30
30;498
498;30
498;498
12;12
12;560
560;12
560;560
54;54
54;830
830;54
830;830
822;822
822;32
32;822
32;32
22;22
22;476
476;22
476;476
12;12
12;82
82;12
82;82
780;780
780;26
26;780
26;26
96;96
96;206
206;96
206;206
46;46
46;602
602;46
602;602
64;64
64;256
256;64
256;256
6;6
6;658
658;6
658;658
234;234
234;66
66;234
66;66
730;730
730;920
920;730
920;920
68;68
68;480
480;68
480;480
452;452
452;106
106;452
106;106
484;484
484;66
66;484
66;66
48;48
48;32
32;48
32;32
96;96
96;98
98;96
98;98
64;64
64;466
466;64
466;466
748;748
748;66
66;748
66;66
860;860
860;38
38;860
38;38
96;96
96;608
608;96
608;608
192;192
192;190
190;192
190;190
6;6
6;196
196;6
196;196
516;516
516;26
26;516
26;26
154;154
154;76
76;154
76;76
30;30
30;430
430;30
430;430
200;200
200;722
722;200
722;722
342;342
342;38
38;342
38;38
65;65
65;106
106;65
106;106
30;30
30;734
734;30
734;734
12;12
12;466
466;12
466;466
724;724
724;118
118;724
118;118
6;6
6;280
280;6
280;280
30;30
30;758
758;30
758;758
718;718
718;38
38;718
38;38
54;54
54;41
41;54
41;41
12;12
12;668
668;12
668;668
234;234
234;62
62;234
62;62
212;212
212;66
66;212
66;66
96;96
96;94
94;96
94;94
30;30
30;202
202;30
202;202
6;6
6;656
656;6
656;656
2;2
2;416
416;2
416;416
22;22
22;348
348;22
348;348
188;188
188;202
202;188
202;202
6;6
6;308
308;6
308;308
64;64
64;276
276;64
276;276
730;730
730;106
106;730
106;106
54;54
54;0
0;54
0;0
154;154
154;24
24;154
24;24
6;6
6;636
636;6
636;636
80;80
80;118
118;80
118;118
624;624
624;18
18;624
18;18
6;6
6;87
87;6
87;87
68;68
68;676
676;68
676;676
824;824
824;32
32;824
32;32
840;840
840;18
18;840
18;18
96;96
96;610
610;96
610;610
22;22
22;590
590;22
590;590
53;53
53;118
118;53
118;118
64;64
64;246
246;64
246;246
510;510
510;66
66;510
66;66
750;750
750;62
62;750
62;62
22;22
22;700
700;22
700;700
252;252
252;570
570;252
570;570
520;520
520;106
106;520
106;106
468;468
468;66
66;468
66;66
660;660
660;76
76;660
76;76
30;30
30;684
684;30
684;684
96;96
96;15
15;96
15;15
188;188
188;118
118;188
118;118
212;212
212;62
62;212
62;62
492;492
492;32
32;492
32;32
30;30
30;922
922;30
922;922
660;660
660;26
26;660
26;26
234;234
234;86
86;234
86;86
30;30
30;458
458;30
458;458
30;30
30;568
568;30
568;568
252;252
252;104
104;252
104;104
134;134
134;76
76;134
76;76
12;12
12;322
322;12
322;322
178;178
178;776
776;178
776;776
30;30
30;25
25;30
25;25
234;234
234;866
866;234
866;866
2;2
2;0
0;2
0;0
822;822
822;70
70;822
70;70
796;796
796;118
118;796
118;118
54;54
54;166
166;54
166;166
6;6
6;778
778;6
778;778
954;954
954;118
118;954
118;118
192;192
192;722
722;192
722;722
584;584
584;18
18;584
18;18
412;412
412;118
118;412
118;118
418;418
418;106
106;418
106;106
30;30
30;504
504;30
504;504
252;252
252;572
572;252
572;572
22;22
22;18
18;22
18;18
130;130
130;298
298;130
298;298
30;30
30;812
812;30
812;812
412;412
412;106
106;412
106;106
244;244
244;18
18;244
18;18
30;30
30;814
814;30
814;814
802;802
802;70
70;802
70;70
68;68
68;218
218;68
218;218
824;824
824;62
62;824
62;62
64;64
64;88
88;64
88;88
12;12
12;246
246;12
246;246
30;30
30;612
612;30
612;612
420;420
420;18
18;420
18;18
580;580
580;18
18;580
18;18
182;182
182;26
26;182
26;26
122;122
122;36
36;122
36;36
290;290
290;62
62;290
62;62
64;64
64;82
82;64
82;82
46;46
46;630
630;46
630;630
12;12
12;276
276;12
276;276
596;596
596;18
18;596
18;18
252;252
252;454
454;252
454;454
740;740
740;190
190;740
190;190
2;2
2;704
704;2
704;704
96;96
96;490
490;96
490;490
46;46
46;126
126;46
126;126
119;119
119;106
106;119
106;106
868;868
868;66
66;868
66;66
188;188
188;190
190;188
190;190
120;120
120;610
610;120
610;610
252;252
252;298
298;252
298;298
192;192
192;734
734;192
734;734
30;30
30;260
260;30
260;260
96;96
96;626
626;96
626;626
172;172
172;36
36;172
36;36
46;46
46;170
170;46
170;170
22;22
22;632
632;22
632;632
12;12
12;494
494;12
494;494
30;30
30;133
133;30
133;133
264;264
264;76
76;264
76;76
336;336
336;76
76;336
76;76
22;22
22;602
602;22
602;602
22;22
22;704
704;22
704;704
30;30
30;722
722;30
722;722
214;214
214;18
18;214
18;18
586;586
586;18
18;586
18;18
6;6
6;346
346;6
346;346
418;418
418;18
18;418
18;18
750;750
750;32
32;750
32;32
130;130
130;572
572;130
572;572
252;252
252;594
594;252
594;594
780;780
780;106
106;780
106;106
6;6
6;0
0;6
0;0
728;728
728;118
118;728
118;118
864;864
864;106
106;864
106;106
46;46
46;610
610;46
610;610
164;164
164;44
44;164
44;44
434;434
434;106
106;434
106;106
188;188
188;260
260;188
260;260
634;634
634;76
76;634
76;76
398;398
398;38
38;398
38;38
2;2
2;240
240;2
240;240
22;22
22;556
556;22
556;556
64;64
64;866
866;64
866;866
252;252
252;18
18;252
18;18
48;48
48;70
70;48
70;70
68;68
68;404
404;68
404;404
46;46
46;560
560;46
560;560
822;822
822;66
66;822
66;66
46;46
46;562
562;46
562;562
304;304
304;38
38;304
38;38
68;68
68;866
866;68
866;866
54;54
54;266
266;54
266;266
868;868
868;32
32;868
32;32
252;252
252;592
592;252
592;592
54;54
54;656
656;54
656;656
860;860
860;26
26;860
26;26
12;12
12;626
626;12
626;626
97;97
97;106
106;97
106;106
528;528
528;24
24;528
24;24
168;168
168;70
70;168
70;70
120;120
120;626
626;120
626;626
68;68
68;706
706;68
706;706
6;6
6;544
544;6
544;544
134;134
134;36
36;134
36;36
168;168
168;62
62;168
62;62
6;6
6;816
816;6
816;816
212;212
212;32
32;212
32;32
30;30
30;258
258;30
258;258
512;512
512;26
26;512
26;26
30;30
30;534
534;30
534;534
6;6
6;300
300;6
300;300
270;270
270;36
36;270
36;36
296;296
296;36
36;296
36;36
728;728
728;190
190;728
190;190
178;178
178;176
176;178
176;176
478;478
478;32
32;478
32;32
6;6
6;712
712;6
712;712
198;198
198;26
26;198
26;26
516;516
516;38
38;516
38;38
472;472
472;62
62;472
62;62
406;406
406;858
858;406
858;858
30;30
30;106
106;30
106;106
698;698
698;118
118;698
118;118
30;30
30;47
47;30
47;47
582;582
582;18
18;582
18;18
128;128
128;32
32;128
32;32
894;894
894;282
282;894
282;282
472;472
472;70
70;472
70;70
12;12
12;292
292;12
292;292
208;208
208;76
76;208
76;76
54;54
54;638
638;54
638;638
252;252
252;558
558;252
558;558
96;96
96;768
768;96
768;768
46;46
46;570
570;46
570;570
168;168
168;32
32;168
32;32
68;68
68;726
726;68
726;726
52;52
52;38
38;52
38;38
800;800
800;88
88;800
88;88
6;6
6;662
662;6
662;662
141;141
141;106
106;141
106;106
22;22
22;558
558;22
558;558
12;12
12;676
676;12
676;676
46;46
46;498
498;46
498;498
6;6
6;334
334;6
334;334
304;304
304;26
26;304
26;26
6;6
6;58
58;6
58;58
374;374
374;106
106;374
106;106
290;290
290;66
66;290
66;66
728;728
728;202
202;728
202;202
54;54
54;720
720;54
720;720
134;134
134;24
24;134
24;24
822;822
822;62
62;822
62;62
156;156
156;70
70;156
70;70
6;6
6;162
162;6
162;162
472;472
472;32
32;472
32;32
468;468
468;18
18;468
18;18
666;666
666;62
62;666
62;62
128;128
128;62
62;128
62;62
12;12
12;218
218;12
218;218
46;46
46;386
386;46
386;386
120;120
120;94
94;120
94;94
22;22
22;842
842;22
842;842
54;54
54;784
784;54
784;784
154;154
154;26
26;154
26;26
30;30
30;732
732;30
732;732
2;2
2;129
129;2
129;129
30;30
30;94
94;30
94;94
46;46
46;254
254;46
254;254
616;616
616;18
18;616
18;18
744;744
744;88
88;744
88;88
244;244
244;118
118;244
118;118
648;648
648;32
32;648
32;32
46;46
46;74
74;46
74;74
900;900
900;722
722;900
722;722
54;54
54;274
274;54
274;274
6;6
6;41
41;6
41;41
474;474
474;66
66;474
66;66
868;868
868;62
62;868
62;62
54;54
54;636
636;54
636;636
938;938
938;88
88;938
88;88
252;252
252;590
590;252
590;590
12;12
12;514
514;12
514;514
64;64
64;494
494;64
494;494
46;46
46;268
268;46
268;268
6;6
6;306
306;6
306;306
96;96
96;162
162;96
162;162
178;178
178;774
774;178
774;774
876;876
876;106
106;876
106;106
54;54
54;846
846;54
846;846
68;68
68;490
490;68
490;490
158;158
158;66
66;158
66;66
752;752
752;38
38;752
38;38
2;2
2;386
386;2
386;386
286;286
286;732
732;286
732;732
502;502
502;36
36;502
36;36
54;54
54;704
704;54
704;704
526;526
526;38
38;526
38;38
284;284
284;260
260;284
260;260
12;12
12;826
826;12
826;826
48;48
48;24
24;48
24;24
526;526
526;26
26;526
26;26
154;154
154;38
38;154
38;38
22;22
22;630
630;22
630;630
284;284
284;202
202;284
202;202
68;68
68;256
256;68
256;256
12;12
12;454
454;12
454;454
296;296
296;18
18;296
18;18
478;478
478;88
88;478
88;88
96;96
96;470
470;96
470;470
7;7
7;76
76;7
76;76
22;22
22;594
594;22
594;594
56;56
56;38
38;56
38;38
312;312
312;18
18;312
18;18
6;6
6;552
552;6
552;552
496;496
496;62
62;496
62;62
68;68
68;10
10;68
10;10
318;318
318;118
118;318
118;118
68;68
68;276
276;68
276;276
72;72
72;62
62;72
62;62
22;22
22;604
604;22
604;604
6;6
6;132
132;6
132;132
81;81
81;118
118;81
118;118
354;354
354;118
118;354
118;118
22;22
22;416
416;22
416;416
526;526
526;18
18;526
18;18
6;6
6;266
266;6
266;266
22;22
22;98
98;22
98;98
2;2
2;936
936;2
936;936
48;48
48;62
62;48
62;62
478;478
478;664
664;478
664;664
54;54
54;272
272;54
272;272
2;2
2;76
76;2
76;76
414;414
414;26
26;414
26;26
54;54
54;334
334;54
334;334
30;30
30;39
39;30
39;39
428;428
428;106
106;428
106;106
93;93
93;106
106;93
106;106
234;234
234;32
32;234
32;32
30;30
30;17
17;30
17;17
96;96
96;42
42;96
42;42
120;120
120;42
42;120
42;42
54;54
54;308
308;54
308;308
54;54
54;126
126;54
126;126
102;102
102;18
18;102
18;18
4;4
4;24
24;4
24;24
124;124
124;36
36;124
36;36
252;252
252;242
242;252
242;242
650;650
650;66
66;650
66;66
130;130
130;578
578;130
578;578
2;2
2;450
450;2
450;450
824;824
824;70
70;824
70;70
68;68
68;820
820;68
820;820
12;12
12;820
820;12
820;820
248;248
248;38
38;248
38;38
96;96
96;936
936;96
936;936
786;786
786;76
76;786
76;76
96;96
96;392
392;96
392;392
54;54
54;100
100;54
100;100
4;4
4;26
26;4
26;26
408;408
408;258
258;408
258;258
54;54
54;712
712;54
712;712
22;22
22;762
762;22
762;762
96;96
96;498
498;96
498;498
894;894
894;106
106;894
106;106
330;330
330;26
26;330
26;26
606;606
606;44
44;606
44;44
828;828
828;26
26;828
26;26
230;230
230;76
76;230
76;76
12;12
12;488
488;12
488;488
29;29
29;106
106;29
106;106
200;200
200;776
776;200
776;776
6;6
6;137
137;6
137;137
30;30
30;600
600;30
600;600
474;474
474;88
88;474
88;88
350;350
350;18
18;350
18;18
64;64
64;322
322;64
322;322
414;414
414;76
76;414
76;76
96;96
96;836
836;96
836;836
22;22
22;298
298;22
298;298
138;138
138;774
774;138
774;774
904;904
904;106
106;904
106;106
22;22
22;242
242;22
242;242
22;22
22;272
272;22
272;272
60;60
60;70
70;60
70;70
724;724
724;190
190;724
190;190
234;234
234;820
820;234
820;820
56;56
56;26
26;56
26;26
30;30
30;910
910;30
910;910
46;46
46;0
0;46
0;0
68;68
68;494
494;68
494;494
598;598
598;18
18;598
18;18
426;426
426;24
24;426
24;24
6;6
6;126
126;6
126;126
252;252
252;544
544;252
544;544
390;390
390;38
38;390
38;38
472;472
472;66
66;472
66;66
96;96
96;466
466;96
466;466
294;294
294;118
118;294
118;118
850;850
850;260
260;850
260;260
510;510
510;62
62;510
62;62
12;12
12;836
836;12
836;836
800;800
800;62
62;800
62;62
802;802
802;66
66;802
66;66
54;54
54;306
306;54
306;306
120;120
120;608
608;120
608;608
6;6
6;846
846;6
846;846
740;740
740;202
202;740
202;202
648;648
648;66
66;648
66;66
64;64
64;470
470;64
470;470
468;468
468;62
62;468
62;62
406;406
406;258
258;406
258;258
46;46
46;98
98;46
98;98
286;286
286;260
260;286
260;260
64;64
64;488
488;64
488;488
54;54
54;132
132;54
132;132
2;2
2;136
136;2
136;136
127;127
127;118
118;127
118;118
408;408
408;858
858;408
858;858
46;46
46;564
564;46
564;564
30;30
30;146
146;30
146;146
156;156
156;32
32;156
32;32
666;666
666;32
32;666
32;32
54;54
54;552
552;54
552;552
12;12
12;402
402;12
402;402
22;22
22;386
386;22
386;386
73;73
73;118
118;73
118;118
234;234
234;560
560;234
560;560
122;122
122;24
24;122
24;24
376;376
376;106
106;376
106;106
6;6
6;26
26;6
26;26
96;96
96;792
792;96
792;792
942;942
942;106
106;942
106;106
634;634
634;26
26;634
26;26
35;35
35;36
36;35
36;36
46;46
46;594
594;46
594;594
22;22
22;568
568;22
568;568
8;8
8;26
26;8
26;26
46;46
46;614
614;46
614;614
844;844
844;38
38;844
38;38
46;46
46;568
568;46
568;568
46;46
46;348
348;46
348;348
834;834
834;118
118;834
118;118
422;422
422;32
32;422
32;32
6;6
6;720
720;6
720;720
582;582
582;36
36;582
36;36
68;68
68;322
322;68
322;322
6;6
6;410
410;6
410;410
398;398
398;26
26;398
26;26
55;55
55;920
920;55
920;920
138;138
138;704
704;138
704;704
2;2
2;508
508;2
508;508
14;14
14;66
66;14
66;66
680;680
680;24
24;680
24;24
46;46
46;476
476;46
476;476
192;192
192;732
732;192
732;732
22;22
22;578
578;22
578;578
4;4
4;76
76;4
76;76
164;164
164;18
18;164
18;18
828;828
828;38
38;828
38;38
616;616
616;44
44;616
44;44
96;96
96;612
612;96
612;612
848;848
848;106
106;848
106;106
472;472
472;24
24;472
24;24
182;182
182;38
38;182
38;38
116;116
116;118
118;116
118;118
12;12
12;842
842;12
842;842
802;802
802;62
62;802
62;62
54;54
54;194
194;54
194;194
724;724
724;260
260;724
260;260
660;660
660;38
38;660
38;38
666;666
666;66
66;666
66;66
2;2
2;94
94;2
94;94
640;640
640;76
76;640
76;76
30;30
30;114
114;30
114;114
45;45
45;26
26;45
26;26
284;284
284;190
190;284
190;190
54;54
54;662
662;54
662;662
790;790
790;24
24;790
24;24
484;484
484;88
88;484
88;88
794;794
794;442
442;794
442;442
764;764
764;18
18;764
18;18
548;548
548;26
26;548
26;26
666;666
666;70
70;666
70;70
12;12
12;866
866;12
866;866
64;64
64;676
676;64
676;676
46;46
46;704
704;46
704;704
752;752
752;26
26;752
26;26
620;620
620;18
18;620
18;18
64;64
64;490
490;64
490;490
96;96
96;544
544;96
544;544
64;64
64;826
826;64
826;826
6;6
6;332
332;6
332;332
64;64
64;706
706;64
706;706
432;432
432;106
106;432
106;106
60;60
60;32
32;60
32;32
128;128
128;66
66;128
66;66
252;252
252;36
36;252
36;36
30;30
30;190
190;30
190;190
68;68
68;324
324;68
324;324
252;252
252;578
578;252
578;578
802;802
802;76
76;802
76;76
642;642
642;76
76;642
76;76
6;6
6;100
100;6
100;100
890;890
890;106
106;890
106;106
188;188
188;106
106;188
106;106
6;6
6;210
210;6
210;210
46;46
46;556
556;46
556;556
130;130
130;594
594;130
594;594
748;748
748;32
32;748
32;32
22;22
22;618
618;22
618;618
738;738
738;260
260;738
260;260
46;46
46;628
628;46
628;628
54;54
54;394
394;54
394;394
6;6
6;274
274;6
274;274
2;2
2;117
117;2
117;117
67;67
67;106
106;67
106;106
744;744
744;18
18;744
18;18
68;68
68;246
246;68
246;246
14;14
14;70
70;14
70;70
12;12
12;470
470;12
470;470
2;2
2;40
40;2
40;40
212;212
212;70
70;212
70;70
30;30
30;444
444;30
444;444
496;496
496;70
70;496
70;70
72;72
72;66
66;72
66;66
740;740
740;106
106;740
106;106
138;138
138;776
776;138
776;776
54;54
54;206
206;54
206;206
64;64
64;250
250;64
250;250
290;290
290;24
24;290
24;24
64;64
64;402
402;64
402;402
354;354
354;106
106;354
106;106
60;60
60;66
66;60
66;66
886;886
886;76
76;886
76;76
718;718
718;26
26;718
26;26
22;22
22;562
562;22
562;562
64;64
64;292
292;64
292;292
118;118
118;732
732;118
732;732
808;808
808;284
284;808
284;284
76;76
76;274
274;76
274;274
64;64
64;650
650;64
650;650
220;220
220;12
12;220
12;12
236;236
236;2
2;236
2;2
200;200
200;284
284;200
284;284
6;6
6;810
810;6
810;810
64;234
64;64
234;234
234;64
26;26
26;274
274;26
274;274
70;70
70;470
470;70
470;470
60;60
60;64
64;60
64;64
678;678
678;70
70;678
70;70
866;866
866;88
88;866
88;88
544;544
544;26
26;544
26;26
30;30
30;286
286;30
286;286
216;216
216;18
18;216
18;18
488;488
488;32
32;488
32;32
106;106
106;298
298;106
298;298
666;666
666;12
12;666
12;12
18;18
18;604
604;18
604;604
252;252
252;588
588;252
588;588
118;118
118;762
762;118
762;762
132;132
132;38
38;132
38;38
624;624
624;30
30;624
30;30
788;788
788;96
96;788
96;96
12;12
12;378
378;12
378;378
716;716
716;38
38;716
38;38
36;36
36;806
806;36
806;806
276;276
276;38
38;276
38;38
584;584
584;46
46;584
46;46
118;118
118;696
696;118
696;696
468;468
468;12
12;468
12;12
740;740
740;192
192;740
192;192
10;10
10;24
24;10
24;24
58;58
58;38
38;58
38;38
744;744
744;96
96;744
96;96
584;584
584;22
22;584
22;22
62;62
62;488
488;62
488;488
486;486
486;70
70;486
70;70
276;276
276;88
88;276
88;88
134;134
134;178
178;134
178;178
88;88
88;218
218;88
218;218
720;720
720;38
38;720
38;38
18;18
18;558
558;18
558;558
394;394
394;38
38;394
38;38
12;12
12;48
48;12
48;48
88;88
88;32
32;88
32;32
6;6
6;860
860;6
860;860
118;118
118;694
694;118
694;694
106;106
106;113
113;106
113;113
476;476
476;66
66;476
66;66
312;312
312;22
22;312
22;22
36;36
36;592
592;36
592;592
26;26
26;137
137;26
137;137
792;792
792;26
26;792
26;26
46;46
46;78
78;46
78;78
210;210
210;26
26;210
26;26
117;117
117;106
106;117
106;106
6;6
6;52
52;6
52;52
666;666
666;64
64;666
64;64
55;55
55;30
30;55
30;30
300;300
300;106
106;300
106;106
188;188
188;30
30;188
30;30
124;124
124;22
22;124
22;22
400;400
400;62
62;400
62;62
726;726
726;88
88;726
88;88
654;654
654;38
38;654
38;38
252;252
252;85
85;252
85;85
784;784
784;38
38;784
38;38
6;6
6;548
548;6
548;548
356;356
356;106
106;356
106;106
76;222
76;76
222;222
222;76
68;68
68;748
748;68
748;748
324;324
324;70
70;324
70;70
234;234
234;800
800;234
800;800
12;12
12;64
64;12
64;64
714;714
714;26
26;714
26;26
566;566
566;22
22;566
22;22
190;190
190;524
524;190
524;524
324;324
324;88
88;324
88;88
130;130
130;576
576;130
576;576
106;106
106;686
686;106
686;686
23;23
23;76
76;23
76;76
88;88
88;70
70;88
70;70
554;554
554;106
106;554
106;106
468;468
468;252
252;468
252;252
454;454
454;88
88;454
88;88
188;188
188;200
200;188
200;200
94;94
94;18
18;94
18;18
54;54
54;952
952;54
952;952
30;30
30;456
456;30
456;456
466;466
466;70
70;466
70;70
454;454
454;62
62;454
62;62
410;410
410;106
106;410
106;106
12;12
12;750
750;12
750;750
186;186
186;96
96;186
96;96
506;506
506;2
2;506
2;2
118;118
118;75
75;118
75;75
104;104
104;18
18;104
18;18
598;598
598;22
22;598
22;22
574;574
574;36
36;574
36;36
932;932
932;252
252;932
252;252
54;54
54;208
208;54
208;208
62;62
62;476
476;62
476;476
306;306
306;26
26;306
26;26
30;30
30;28
28;30
28;28
466;466
466;66
66;466
66;66
284;284
284;192
192;284
192;192
436;436
436;106
106;436
106;106
820;820
820;66
66;820
66;66
580;22
580;580
22;22
22;580
960;960
960;96
96;960
96;96
272;272
272;38
38;272
38;38
630;630
630;18
18;630
18;18
552;552
552;76
76;552
76;76
586;586
586;130
130;586
130;130
544;544
544;38
38;544
38;38
486;486
486;62
62;486
62;62
342;342
342;54
54;342
54;54
143;143
143;2
2;143
2;2
130;130
130;580
580;130
580;580
496;496
496;12
12;496
12;12
62;62
62;470
470;62
470;470
26;26
26;720
720;26
720;720
556;556
556;18
18;556
18;18
596;596
596;22
22;596
22;22
96;96
96;522
522;96
522;522
490;490
490;32
32;490
32;32
18;18
18;614
614;18
614;614
292;292
292;32
32;292
32;32
544;544
544;76
76;544
76;76
596;596
596;46
46;596
46;46
54;54
54;860
860;54
860;860
480;480
480;32
32;480
32;32
30;30
30;440
440;30
440;440
76;76
76;224
224;76
224;224
68;68
68;234
234;68
234;234
322;322
322;32
32;322
32;32
258;258
258;260
260;258
260;260
130;130
130;102
102;130
102;102
6;6
6;828
828;6
828;828
88;88
88;514
514;88
514;514
6;6
6;790
790;6
790;790
214;214
214;46
46;214
46;46
12;12
12;616
616;12
616;616
96;96
96;388
388;96
388;388
12;12
12;234
234;12
234;234
30;30
30;754
754;30
754;754
820;820
820;62
62;820
62;62
12;12
12;164
164;12
164;164
12;12
12;510
510;12
510;510
30;30
30;756
756;30
756;756
96;96
96;786
786;96
786;786
6;6
6;142
142;6
142;142
190;190
190;722
722;190
722;722
76;76
76;5
5;76
5;5
0;0
0;38
38;0
38;38
212;212
212;64
64;212
64;64
26;26
26;644
644;26
644;644
214;214
214;2
2;214
2;2
76;76
76;644
644;76
644;644
37;37
37;96
96;37
96;96
658;658
658;38
38;658
38;38
418;418
418;252
252;418
252;252
18;18
18;476
476;18
476;476
26;26
26;194
194;26
194;194
482;482
482;38
38;482
38;38
118;118
118;462
462;118
462;462
846;846
846;26
26;846
26;26
36;36
36;852
852;36
852;852
334;334
334;38
38;334
38;38
30;30
30;101
101;30
101;101
64;64
64;750
750;64
750;750
30;30
30;772
772;30
772;772
266;266
266;26
26;266
26;26
612;612
612;18
18;612
18;18
118;118
118;722
722;118
722;722
466;466
466;36
36;466
36;36
10;10
10;70
70;10
70;70
488;488
488;70
70;488
70;70
26;26
26;196
196;26
196;196
156;156
156;64
64;156
64;64
96;96
96;760
760;96
760;760
18;18
18;126
126;18
126;126
638;638
638;38
38;638
38;38
206;206
206;26
26;206
26;26
68;68
68;484
484;68
484;484
294;294
294;22
22;294
22;22
400;400
400;24
24;400
24;24
6;6
6;208
208;6
208;208
45;45
45;6
6;45
6;6
26;26
26;344
344;26
344;344
106;106
106;112
112;106
112;112
6;6
6;63
63;6
63;63
82;82
82;70
70;82
70;70
30;30
30;724
724;30
724;724
54;54
54;752
752;54
752;752
18;18
18;0
0;18
0;0
18;18
18;704
704;18
704;704
322;322
322;66
66;322
66;66
588;588
588;46
46;588
46;46
766;766
766;24
24;766
24;24
624;624
624;46
46;624
46;46
424;424
424;36
36;424
36;36
172;172
172;22
22;172
22;22
526;526
526;6
6;526
6;6
18;18
18;504
504;18
504;504
638;638
638;26
26;638
26;26
126;126
126;26
26;126
26;26
866;866
866;70
70;866
70;70
670;670
670;106
106;670
106;106
10;10
10;32
32;10
32;32
9;9
9;76
76;9
76;76
14;14
14;12
12;14
12;12
484;484
484;234
234;484
234;234
22;22
22;682
682;22
682;682
480;480
480;664
664;480
664;664
166;166
166;38
38;166
38;38
668;668
668;70
70;668
70;70
826;826
826;32
32;826
32;32
46;46
46;164
164;46
164;164
4;4
4;6
6;4
6;6
30;30
30;728
728;30
728;728
808;808
808;740
740;808
740;740
716;716
716;26
26;716
26;26
504;504
504;106
106;504
106;106
608;608
608;44
44;608
44;44
68;68
68;12
12;68
12;12
26;26
26;100
100;26
100;100
390;390
390;54
54;390
54;54
252;252
252;576
576;252
576;576
220;220
220;64
64;220
64;64
147;147
147;774
774;147
774;774
128;128
128;68
68;128
68;68
342;342
342;6
6;342
6;6
118;118
118;77
77;118
77;77
106;106
106;123
123;106
123;123
660;660
660;54
54;660
54;54
834;834
834;46
46;834
46;46
246;246
246;66
66;246
66;66
2;2
2;71
71;2
71;71
330;330
330;96
96;330
96;96
526;526
526;22
22;526
22;22
260;260
260;858
858;260
858;858
912;912
912;2
2;912
2;2
236;236
236;96
96;236
96;96
18;18
18;568
568;18
568;568
68;68
68;472
472;68
472;472
68;68
68;800
800;68
800;800
424;424
424;24
24;424
24;24
506;506
506;96
96;506
96;96
76;76
76;704
704;76
704;704
232;232
232;222
222;232
222;222
190;190
190;276
276;190
276;276
938;938
938;12
12;938
12;12
6;6
6;752
752;6
752;752
624;624
624;22
22;624
22;22
118;118
118;170
170;118
170;170
480;480
480;88
88;480
88;88
766;766
766;36
36;766
36;36
88;88
88;86
86;88
86;86
280;280
280;106
106;280
106;106
76;76
76;306
306;76
306;306
136;136
136;222
222;136
222;222
118;118
118;79
79;118
79;79
36;36
36;298
298;36
298;298
416;416
416;18
18;416
18;18
36;36
36;272
272;36
272;272
546;546
546;106
106;546
106;106
306;306
306;24
24;306
24;24
12;12
12;168
168;12
168;168
482;482
482;32
32;482
32;32
46;46
46;576
576;46
576;576
64;64
64;492
492;64
492;492
68;68
68;212
212;68
212;212
18;18
18;298
298;18
298;298
270;270
270;46
46;270
46;46
214;214
214;96
96;214
96;96
390;390
390;6
6;390
6;6
46;46
46;22
22;46
22;22
454;454
454;18
18;454
18;18
396;396
396;38
38;396
38;38
106;40
106;106
40;40
40;106
454;454
454;66
66;454
66;66
130;130
130;22
22;130
22;22
18;18
18;254
254;18
254;254
486;486
486;24
24;486
24;24
26;272
26;26
272;272
272;26
280;280
280;26
26;280
26;26
526;526
526;46
46;526
46;46
296;296
296;22
22;296
22;22
18;18
18;762
762;18
762;762
544;544
544;36
36;544
36;36
76;76
76;166
166;76
166;166
96;96
96;140
140;96
140;140
480;480
480;62
62;480
62;62
250;250
250;70
70;250
70;70
132;132
132;26
26;132
26;26
36;36
36;546
546;36
546;546
12;12
12;748
748;12
748;748
20;20
20;46
46;20
46;46
64;64
64;168
168;64
168;168
466;466
466;76
76;466
76;76
32;32
32;470
470;32
470;470
6;6
6;780
780;6
780;780
30;30
30;808
808;30
808;808
182;182
182;96
96;182
96;96
30;30
30;140
140;30
140;140
68;68
68;14
14;68
14;14
676;676
676;66
66;676
66;66
350;350
350;46
46;350
46;46
23;23
23;260
260;23
260;260
82;82
82;62
62;82
62;62
668;668
668;62
62;668
62;62
30;30
30;460
460;30
460;460
494;494
494;70
70;494
70;70
30;30
30;850
850;30
850;850
76;76
76;652
652;76
652;652
76;76
76;774
774;76
774;774
18;18
18;632
632;18
632;632
576;576
576;22
22;576
22;22
708;708
708;24
24;708
24;24
252;252
252;580
580;252
580;580
178;178
178;2
2;178
2;2
158;158
158;12
12;158
12;12
64;64
64;510
510;64
510;510
106;106
106;958
958;106
958;958
622;622
622;46
46;622
46;46
250;250
250;66
66;250
66;66
468;468
468;22
22;468
22;22
60;60
60;68
68;60
68;68
190;190
190;732
732;190
732;732
6;6
6;844
844;6
844;844
256;256
256;66
66;256
66;66
636;636
636;24
24;636
24;24
292;292
292;62
62;292
62;62
46;46
46;80
80;46
80;80
118;118
118;854
854;118
854;854
266;266
266;76
76;266
76;76
30;30
30;21
21;30
21;21
30;30
30;938
938;30
938;938
6;6
6;8
8;6
8;8
870;870
870;38
38;870
38;38
6;6
6;516
516;6
516;516
736;736
736;106
106;736
106;106
30;30
30;566
566;30
566;566
658;658
658;76
76;658
76;76
914;914
914;106
106;914
106;106
262;262
262;54
54;262
54;54
26;26
26;652
652;26
652;652
228;228
228;190
190;228
190;190
18;18
18;610
610;18
610;610
286;286
286;728
728;286
728;728
866;866
866;62
62;866
62;62
418;418
418;46
46;418
46;46
248;248
248;54
54;248
54;54
676;676
676;62
62;676
62;62
334;334
334;26
26;334
26;26
726;726
726;66
66;726
66;66
938;938
938;234
234;938
234;234
41;41
41;38
38;41
38;38
30;30
30;924
924;30
924;924
76;76
76;888
888;76
888;888
16;16
16;22
22;16
22;22
552;552
552;26
26;552
26;26
662;662
662;76
76;662
76;76
62;62
62;490
490;62
490;490
62;62
62;218
218;62
218;218
118;118
118;464
464;118
464;464
472;472
472;12
12;472
12;12
2;2
2;566
566;2
566;566
174;174
174;106
106;174
106;106
68;68
68;220
220;68
220;220
18;18
18;560
560;18
560;560
82;82
82;32
32;82
32;32
18;18
18;570
570;18
570;570
68;68
68;666
666;68
666;666
194;194
194;38
38;194
38;38
598;598
598;46
46;598
46;46
662;662
662;38
38;662
38;38
648;648
648;68
68;648
68;68
162;162
162;26
26;162
26;26
106;106
106;892
892;106
892;892
410;410
410;26
26;410
26;26
466;466
466;62
62;466
62;62
64;64
64;824
824;64
824;824
30;30
30;730
730;30
730;730
96;96
96;616
616;96
616;616
826;826
826;66
66;826
66;66
676;676
676;70
70;676
70;70
344;344
344;38
38;344
38;38
18;18
18;348
348;18
348;348
290;290
290;64
64;290
64;64
6;6
6;160
160;6
160;160
342;342
342;96
96;342
96;96
420;420
420;22
22;420
22;22
784;784
784;76
76;784
76;76
394;394
394;26
26;394
26;26
210;210
210;38
38;210
38;38
190;190
190;260
260;190
260;260
91;91
91;106
106;91
106;106
678;678
678;664
664;678
664;664
88;88
88;62
62;88
62;62
106;106
106;902
902;106
902;902
586;586
586;46
46;586
46;46
124;124
124;252
252;124
252;252
284;284
284;448
448;284
448;448
212;212
212;12
12;212
12;12
324;324
324;66
66;324
66;66
128;128
128;64
64;128
64;64
398;398
398;6
6;398
6;6
306;306
306;38
38;306
38;38
60;60
60;12
12;60
12;12
70;70
70;706
706;70
706;706
72;72
72;68
68;72
68;68
18;18
18;42
42;18
42;42
70;70
70;482
482;70
482;482
400;400
400;32
32;400
32;32
398;398
398;54
54;398
54;54
490;490
490;70
70;490
70;70
76;76
76;226
226;76
226;226
288;288
288;96
96;288
96;96
588;588
588;22
22;588
22;22
660;660
660;6
6;660
6;6
776;776
776;136
136;776
136;136
188;188
188;808
808;188
808;808
748;748
748;64
64;748
64;64
30;30
30;111
111;30
111;111
38;38
38;652
652;38
652;652
822;822
822;12
12;822
12;12
64;64
64;422
422;64
422;422
252;252
252;942
942;252
942;942
556;556
556;38
38;556
38;38
106;106
106;558
558;106
558;558
184;184
184;18
18;184
18;18
62;62
62;10
10;62
10;10
252;252
252;350
350;252
350;350
96;96
96;71
71;96
71;71
36;36
36;254
254;36
254;254
18;18
18;578
578;18
578;578
252;252
252;22
22;252
22;22
736;736
736;88
88;736
88;88
30;30
30;103
103;30
103;103
54;54
54;388
388;54
388;388
296;296
296;46
46;296
46;46
288;288
288;2
2;288
2;2
130;130
130;172
172;130
172;172
118;118
118;614
614;118
614;614
96;96
96;634
634;96
634;634
18;18
18;594
594;18
594;594
840;840
840;22
22;840
22;22
88;88
88;560
560;88
560;560
130;130
130;350
350;130
350;350
96;96
96;566
566;96
566;566
12;12
12;492
492;12
492;492
764;764
764;46
46;764
46;46
30;30
30;448
448;30
448;448
274;274
274;38
38;274
38;38
744;744
744;12
12;744
12;12
676;676
676;32
32;676
32;32
100;100
100;38
38;100
38;38
76;76
76;636
636;76
636;636
88;88
88;742
742;88
742;742
6;6
6;198
198;6
198;198
88;88
88;820
820;88
820;820
790;790
790;54
54;790
54;54
58;58
58;26
26;58
26;26
312;312
312;46
46;312
46;46
280;280
280;282
282;280
282;282
18;18
18;74
74;18
74;74
68;68
68;802
802;68
802;802
276;276
276;66
66;276
66;66
454;454
454;70
70;454
70;70
188;188
188;286
286;188
286;286
668;668
668;32
32;668
32;32
87;87
87;38
38;87
38;38
290;290
290;12
12;290
12;12
68;68
68;158
158;68
158;158
46;46
46;420
420;46
420;420
30;30
30;376
376;30
376;376
30;30
30;214
214;30
214;214
852;852
852;24
24;852
24;24
292;292
292;24
24;292
24;24
59;59
59;96
96;59
96;96
590;590
590;18
18;590
18;18
82;82
82;24
24;82
24;24
76;76
76;532
532;76
532;532
36;36
36;31
31;36
31;31
102;102
102;46
46;102
46;46
200;200
200;728
728;200
728;728
56;56
56;6
6;56
6;6
76;76
76;628
628;76
628;628
62;62
62;322
322;62
322;322
18;18
18;600
600;18
600;600
26;26
26;346
346;26
346;346
260;260
260;732
732;260
732;732
840;840
840;46
46;840
46;46
6;6
6;154
154;6
154;154
130;130
130;582
582;130
582;582
276;276
276;70
70;276
70;70
96;96
96;956
956;96
956;956
764;764
764;22
22;764
22;22
784;784
784;26
26;784
26;26
26;26
26;636
636;26
636;636
18;18
18;268
268;18
268;268
88;88
88;746
746;88
746;746
62;62
62;402
402;62
402;402
6;6
6;634
634;6
634;634
256;256
256;24
24;256
24;24
124;124
124;46
46;124
46;46
118;118
118;880
880;118
880;880
774;774
774;43
43;774
43;43
846;846
846;38
38;846
38;38
158;158
158;64
64;158
64;64
86;86
86;106
106;86
106;106
160;160
160;54
54;160
54;54
822;822
822;68
68;822
68;68
18;18
18;242
242;18
242;242
310;310
310;38
38;310
38;38
536;536
536;30
30;536
30;30
574;574
574;18
18;574
18;18
22;22
22;832
832;22
832;832
308;308
308;38
38;308
38;38
76;76
76;87
87;76
87;87
54;54
54;828
828;54
828;828
76;76
76;176
176;76
176;176
68;68
68;750
750;68
750;750
300;300
300;26
26;300
26;26
402;402
402;66
66;402
66;66
26;26
26;310
310;26
310;310
262;262
262;6
6;262
6;6
54;54
54;304
304;54
304;304
2;2
2;956
956;2
956;956
676;676
676;664
664;676
664;664
564;564
564;18
18;564
18;18
552;552
552;38
38;552
38;38
286;286
286;738
738;286
738;738
68;68
68;650
650;68
650;650
118;118
118;776
776;118
776;776
180;180
180;24
24;180
24;24
6;6
6;718
718;6
718;718
402;402
402;70
70;402
70;70
62;62
62;494
494;62
494;494
96;96
96;718
718;96
718;718
188;188
188;448
448;188
448;448
834;834
834;22
22;834
22;22
136;136
136;176
176;136
176;176
252;252
252;584
584;252
584;584
68;68
68;478
478;68
478;478
182;182
182;54
54;182
54;54
402;402
402;32
32;402
32;32
6;6
6;97
97;6
97;97
88;88
88;476
476;88
476;476
36;36
36;578
578;36
578;578
218;218
218;66
66;218
66;66
830;830
830;26
26;830
26;26
646;646
646;36
36;646
36;36
130;130
130;124
124;130
124;124
396;396
396;26
26;396
26;26
45;45
45;54
54;45
54;54
466;466
466;32
32;466
32;32
118;118
118;540
540;118
540;540
6;6
6;388
388;6
388;388
14;14
14;64
64;14
64;64
292;292
292;66
66;292
66;66
466;466
466;24
24;466
24;24
186;186
186;54
54;186
54;54
546;546
546;24
24;546
24;24
12;12
12;484
484;12
484;484
30;30
30;738
738;30
738;738
68;68
68;492
492;68
492;492
586;586
586;22
22;586
22;22
2;2
2;61
61;2
61;61
18;18
18;498
498;18
498;498
606;606
606;22
22;606
22;22
36;36
36;50
50;36
50;50
30;30
30;934
934;30
934;934
76;76
76;0
0;76
0;0
238;238
238;106
106;238
106;106
468;468
468;96
96;468
96;96
740;740
740;448
448;740
448;448
46;46
46;244
244;46
244;244
488;488
488;24
24;488
24;24
46;46
46;616
616;46
616;616
118;118
118;224
224;118
224;224
68;68
68;290
290;68
290;290
64;64
64;478
478;64
478;478
928;928
928;76
76;928
76;76
196;196
196;38
38;196
38;38
68;68
68;824
824;68
824;824
118;118
118;950
950;118
950;950
190;190
190;106
106;190
106;106
118;118
118;948
948;118
948;948
276;276
276;32
32;276
32;32
84;84
84;26
26;84
26;26
332;332
332;26
26;332
26;26
26;26
26;778
778;26
778;778
822;822
822;64
64;822
64;64
490;490
490;66
66;490
66;66
808;808
808;728
728;808
728;728
96;96
96;3
3;96
3;3
26;26
26;704
704;26
704;704
400;400
400;70
70;400
70;70
252;252
252;46
46;252
46;46
216;216
216;118
118;216
118;118
658;658
658;24
24;658
24;24
82;82
82;66
66;82
66;66
12;12
12;16
16;12
16;16
94;94
94;106
106;94
106;106
838;838
838;22
22;838
22;22
54;54
54;634
634;54
634;634
136;136
136;704
704;136
704;704
66;66
66;470
470;66
470;470
82;82
82;76
76;82
76;76
26;26
26;958
958;26
958;958
30;30
30;770
770;30
770;770
54;54
54;154
154;54
154;154
68;68
68;496
496;68
496;496
18;18
18;842
842;18
842;842
102;102
102;22
22;102
22;22
130;130
130;46
46;130
46;46
324;324
324;32
32;324
32;32
668;668
668;24
24;668
24;24
18;18
18;626
626;18
626;626
26;26
26;654
654;26
654;654
6;6
6;182
182;6
182;182
54;54
54;512
512;54
512;512
830;830
830;38
38;830
38;38
738;738
738;192
192;738
192;192
866;866
866;106
106;866
106;106
636;636
636;38
38;636
38;38
346;346
346;38
38;346
38;38
56;56
56;54
54;56
54;54
54;54
54;810
810;54
810;810
33;33
33;36
36;33
36;36
118;118
118;368
368;118
368;368
270;270
270;22
22;270
22;22
468;468
468;68
68;468
68;68
6;6
6;248
248;6
248;248
700;700
700;18
18;700
18;18
76;76
76;126
126;76
126;126
106;106
106;144
144;106
144;144
76;76
76;530
530;76
530;530
50;50
50;24
24;50
24;24
266;266
266;38
38;266
38;38
62;62
62;482
482;62
482;482
80;80
80;22
22;80
22;22
836;836
836;44
44;836
44;44
726;726
726;62
62;726
62;62
12;12
12;840
840;12
840;840
246;246
246;62
62;246
62;62
776;776
776;76
76;776
76;76
622;622
622;22
22;622
22;22
740;740
740;200
200;740
200;200
850;850
850;192
192;850
192;192
286;286
286;284
284;286
284;284
744;744
744;22
22;744
22;22
118;118
118;382
382;118
382;382
76;76
76;524
524;76
524;524
136;136
136;774
774;136
774;774
68;68
68;868
868;68
868;868
30;30
30;192
192;30
192;192
138;138
138;134
134;138
134;134
866;866
866;32
32;866
32;32
36;36
36;74
74;36
74;74
244;244
244;22
22;244
22;22
644;644
644;24
24;644
24;24
76;76
76;194
194;76
194;194
804;804
804;106
106;804
106;106
96;96
96;61
61;96
61;61
678;678
678;32
32;678
32;32
106;106
106;874
874;106
874;874
30;30
30;149
149;30
149;149
320;320
320;282
282;320
282;282
418;418
418;22
22;418
22;22
486;486
486;32
32;486
32;32
190;190
190;734
734;190
734;734
350;350
350;22
22;350
22;22
644;644
644;38
38;644
38;38
648;648
648;64
64;648
64;64
30;30
30;49
49;30
49;49
642;642
642;54
54;642
54;54
292;292
292;70
70;292
70;70
180;180
180;36
36;180
36;36
678;678
678;66
66;678
66;66
602;602
602;106
106;602
106;106
64;64
64;48
48;64
48;48
838;838
838;46
46;838
46;46
728;728
728;448
448;728
448;448
26;26
26;166
166;26
166;166
250;250
250;32
32;250
32;32
172;172
172;46
46;172
46;46
59;59
59;2
2;59
2;2
582;582
582;46
46;582
46;46
96;96
96;230
230;96
230;230
6;6
6;952
952;6
952;952
6;6
6;414
414;6
414;414
400;400
400;66
66;400
66;66
44;44
44;42
42;44
42;42
62;62
62;706
706;62
706;706
96;96
96;548
548;96
548;548
76;76
76;862
862;76
862;862
494;494
494;66
66;494
66;66
276;276
276;62
62;276
62;62
246;246
246;70
70;246
70;70
156;156
156;12
12;156
12;12
36;36
36;570
570;36
570;570
18;18
18;628
628;18
628;628
96;96
96;338
338;96
338;338
106;106
106;438
438;106
438;438
286;286
286;724
724;286
724;724
26;26
26;0
0;26
0;0
118;118
118;898
898;118
898;898
12;12
12;838
838;12
838;838
186;186
186;6
6;186
6;6
836;836
836;18
18;836
18;18
46;46
46;16
16;46
16;16
320;320
320;76
76;320
76;76
246;246
246;24
24;246
24;24
46;46
46;682
682;46
682;682
656;656
656;38
38;656
38;38
706;706
706;66
66;706
66;66
76;76
76;482
482;76
482;482
620;620
620;22
22;620
22;22
96;96
96;164
164;96
164;164
522;522
522;2
2;522
2;2
54;54
54;548
548;54
548;548
156;156
156;68
68;156
68;68
30;30
30;204
204;30
204;204
30;30
30;302
302;30
302;302
46;46
46;140
140;46
140;140
130;130
130;588
588;130
588;588
802;64
802;802
64;64
64;802
352;352
352;106
106;352
106;106
18;18
18;36
36;18
36;36
30;30
30;51
51;30
51;51
714;714
714;38
38;714
38;38
96;96
96;304
304;96
304;304
118;118
118;674
674;118
674;674
778;778
778;38
38;778
38;38
26;26
26;656
656;26
656;656
164;164
164;22
22;164
22;22
4;4
4;54
54;4
54;54
706;706
706;32
32;706
32;32
234;234
234;478
478;234
478;478
552;552
552;106
106;552
106;106
118;118
118;366
366;118
366;366
130;130
130;584
584;130
584;584
724;724
724;192
192;724
192;192
806;806
806;24
24;806
24;24
72;72
72;12
12;72
12;12
882;882
882;76
76;882
76;76
330;330
330;54
54;330
54;54
54;54
54;844
844;54
844;844
608;608
608;18
18;608
18;18
480;480
480;66
66;480
66;66
430;430
430;106
106;430
106;106
30;30
30;316
316;30
316;316
11;11
11;2
2;11
2;2
480;480
480;70
70;480
70;70
12;12
12;824
824;12
824;824
728;728
728;192
192;728
192;192
41;41
41;26
26;41
26;26
68;68
68;474
474;68
474;474
372;372
372;106
106;372
106;106
162;162
162;38
38;162
38;38
488;488
488;66
66;488
66;66
30;30
30;148
148;30
148;148
46;46
46;620
620;46
620;620
602;602
602;76
76;602
76;76
474;474
474;12
12;474
12;12
516;516
516;96
96;516
96;96
662;662
662;26
26;662
26;26
30;30
30;520
520;30
520;520
740;740
740;286
286;740
286;286
98;98
98;18
18;98
18;18
150;150
150;118
118;150
118;118
36;36
36;708
708;36
708;708
330;330
330;6
6;330
6;6
544;544
544;24
24;544
24;24
118;118
118;700
700;118
700;700
30;30
30;818
818;30
818;818
472;472
472;64
64;472
64;64
782;782
782;6
6;782
6;6
88;88
88;66
66;88
66;66
118;118
118;532
532;118
532;532
115;115
115;2
2;115
2;2
118;118
118;704
704;118
704;704
572;572
572;36
36;572
36;36
36;36
36;242
242;36
242;242
468;468
468;234
234;468
234;234
12;12
12;800
800;12
800;800
102;102
102;252
252;102
252;252
12;12
12;940
940;12
940;940
54;54
54;718
718;54
718;718
256;256
256;62
62;256
62;62
70;70
70;322
322;70
322;322
2;2
2;140
140;2
140;140
44;44
44;626
626;44
626;626
188;188
188;192
192;188
192;192
308;308
308;26
26;308
26;26
286;286
286;730
730;286
730;730
646;646
646;24
24;646
24;24
414;414
414;54
54;414
54;54
2;2
2;358
358;2
358;358
744;744
744;46
46;744
46;46
128;128
128;12
12;128
12;12
6;6
6;89
89;6
89;89
20;20
20;22
22;20
22;22
46;46
46;566
566;46
566;566
474;474
474;234
234;474
234;234
322;322
322;24
24;322
24;24
496;496
496;64
64;496
64;64
648;648
648;12
12;648
12;12
138;138
138;2
2;138
2;2
18;18
18;386
386;18
386;386
606;606
606;120
120;606
120;120
256;256
256;32
32;256
32;32
570;570
570;106
106;570
106;106
68;68
68;48
48;68
48;48
68;68
68;510
510;68
510;510
286;286
286;192
192;286
192;192
792;792
792;38
38;792
38;38
666;666
666;234
234;666
234;234
30;30
30;200
200;30
200;200
946;946
946;118
118;946
118;118
12;12
12;420
420;12
420;420
104;104
104;106
106;104
106;106
118;118
118;384
384;118
384;384
118;118
118;702
702;118
702;702
516;516
516;54
54;516
54;54
550;550
550;106
106;550
106;106
18;18
18;592
592;18
592;592
6;6
6;512
512;6
512;512
232;232
232;774
774;232
774;774
22;22
22;616
616;22
616;616
866;866
866;66
66;866
66;66
106;106
106;69
69;106
69;69
18;18
18;562
562;18
562;562
556;556
556;26
26;556
26;26
454;454
454;32
32;454
32;32
582;582
582;252
252;582
252;252
256;256
256;70
70;256
70;70
816;816
816;38
38;816
38;38
68;68
68;422
422;68
422;422
30;30
30;672
672;30
672;672
126;126
126;38
38;126
38;38
494;494
494;32
32;494
32;32
658;658
658;26
26;658
26;26
89;89
89;54
54;89
54;54
582;582
582;22
22;582
22;22
10;10
10;66
66;10
66;66
30;30
30;944
944;30
944;944
704;704
704;38
38;704
38;38
826;826
826;70
70;826
70;70
214;214
214;22
22;214
22;22
526;526
526;54
54;526
54;54
798;798
798;118
118;798
118;118
6;6
6;642
642;6
642;642
88;88
88;482
482;88
482;482
688;688
688;106
106;688
106;106
12;12
12;650
650;12
650;650
68;68
68;168
168;68
168;168
54;54
54;52
52;54
52;52
606;606
606;46
46;606
46;46
88;88
88;706
706;88
706;706
784;784
784;24
24;784
24;24
712;712
712;38
38;712
38;38
468;468
468;46
46;468
46;46
486;486
486;66
66;486
66;66
18;18
18;618
618;18
618;618
228;228
228;76
76;228
76;76
6;6
6;304
304;6
304;304
184;184
184;36
36;184
36;36
62;62
62;678
678;62
678;678
30;30
30;916
916;30
916;916
294;294
294;46
46;294
46;46
586;586
586;252
252;586
252;252
920;920
920;914
914;920
914;914
18;18
18;170
170;18
170;170
606;606
606;96
96;606
96;96
72;72
72;64
64;72
64;64
848;848
848;6
6;848
6;6
46;46
46;580
580;46
580;580
172;172
172;252
252;172
252;252
76;76
76;500
500;76
500;500
26;26
26;87
87;26
87;87
12;12
12;802
802;12
802;802
18;18
18;272
272;18
272;272
24;24
24;652
652;24
652;652
118;118
118;918
918;118
918;918
606;606
606;12
12;606
12;12
30;30
30;522
522;30
522;522
22;22
22;78
78;22
78;78
12;12
12;478
478;12
478;478
26;26
26;816
816;26
816;816
324;324
324;62
62;324
62;62
76;76
76;930
930;76
930;930
246;246
246;32
32;246
32;32
46;46
46;832
832;46
832;832
62;62
62;826
826;62
826;826
250;250
250;62
62;250
62;62
390;390
390;96
96;390
96;96
26;26
26;870
870;26
870;870
668;668
668;66
66;668
66;66
12;12
12;422
422;12
422;422
602;602
602;18
18;602
18;18
206;206
206;38
38;206
38;38
140;140
140;22
22;140
22;22
572;572
572;18
18;572
18;18
788;788
788;2
2;788
2;2
88;88
88;348
348;88
348;348
482;482
482;66
66;482
66;66
2;2
2;760
760;2
760;760
64;64
64;868
868;64
868;868
878;878
878;106
106;878
106;106
26;26
26;712
712;26
712;712
